{
 "cells": [
  {
   "cell_type": "code",
   "execution_count": 1,
   "metadata": {},
   "outputs": [],
   "source": [
    "#Importing libraries\n",
    "import numpy as np\n",
    "import pandas as pd\n",
    "import os\n",
    "from datetime import datetime, timedelta\n",
    "import matplotlib.pyplot as plt\n",
    "import alpaca_trade_api as tradeapi\n",
    "import seaborn as sns\n",
    "%matplotlib inline"
   ]
  },
  {
   "cell_type": "code",
   "execution_count": 2,
   "metadata": {},
   "outputs": [],
   "source": [
    "np.random.seed(42)"
   ]
  },
  {
   "cell_type": "code",
   "execution_count": 2,
   "metadata": {},
   "outputs": [],
   "source": [
    "from dotenv import load_dotenv\n",
    "load_dotenv()\n",
    "\n",
    "# Set Alpaca API key and secret\n",
    "alpaca_api_key = os.getenv(\"ALPACA_API_KEY\")\n",
    "alpaca_secret_key = os.getenv(\"ALPACA_SECRET_KEY\")\n",
    "\n",
    "# api = tradeapi.REST()\n",
    "api = tradeapi.REST(alpaca_api_key, alpaca_secret_key, api_version='v2')"
   ]
  },
  {
   "cell_type": "markdown",
   "metadata": {},
   "source": [
    "# Entering Stocks\n",
    "### We will let the user enter the following\n",
    "#### 1. Stocks\n",
    "#### 2. Weights (optional)\n",
    "#### 3. Start date of historical data\n",
    "#### 4. End date of historical data \n",
    "#### 5. Number of simulations\n",
    "#### 6. Number of years"
   ]
  },
  {
   "cell_type": "code",
   "execution_count": 3,
   "metadata": {},
   "outputs": [
    {
     "name": "stdin",
     "output_type": "stream",
     "text": [
      "Enter your initial investment: 10000\n"
     ]
    },
    {
     "name": "stdout",
     "output_type": "stream",
     "text": [
      "your initial investment is: $10000\n"
     ]
    }
   ],
   "source": [
    "init_invstmnt = int(input('Enter your initial investment:'))\n",
    "print(f'your initial investment is: ${init_invstmnt}')"
   ]
  },
  {
   "cell_type": "code",
   "execution_count": 4,
   "metadata": {},
   "outputs": [
    {
     "name": "stdin",
     "output_type": "stream",
     "text": [
      "Enter Stocks separated by comma, up to five stocks only spy,aapl\n"
     ]
    }
   ],
   "source": [
    "#User stocks input\n",
    "#CODE:\n",
    "text = input('Enter Stocks separated by comma, up to five stocks only')\n",
    "test = text.split(',')"
   ]
  },
  {
   "cell_type": "code",
   "execution_count": 5,
   "metadata": {},
   "outputs": [],
   "source": [
    "#User weights input\n",
    "#CODE:\n",
    "\n",
    "#weights = input('Enter weights: ')\n",
    "#weights = list(map(float,weights.split(',')))\n",
    "#print(weights)"
   ]
  },
  {
   "cell_type": "code",
   "execution_count": 5,
   "metadata": {},
   "outputs": [
    {
     "name": "stdin",
     "output_type": "stream",
     "text": [
      "Enter Start Date: e.g. 2018-01-01:  2018-01-01\n"
     ]
    },
    {
     "name": "stdout",
     "output_type": "stream",
     "text": [
      "your start date is: 2018-01-01\n"
     ]
    }
   ],
   "source": [
    "#User start date of historical prices input\n",
    "#CODE\n",
    "start_date = input('Enter Start Date: e.g. 2018-01-01: ')\n",
    "print(f'your start date is: {start_date}')"
   ]
  },
  {
   "cell_type": "code",
   "execution_count": 6,
   "metadata": {},
   "outputs": [
    {
     "name": "stdin",
     "output_type": "stream",
     "text": [
      "Enter End Date: e.g. 2019-01-01 2019-01-01\n"
     ]
    },
    {
     "name": "stdout",
     "output_type": "stream",
     "text": [
      "your end date is: 2019-01-01\n"
     ]
    }
   ],
   "source": [
    "#User end date of historical prices input\n",
    "#CODE\n",
    "end_date = input('Enter End Date: e.g. 2019-01-01')\n",
    "print(f'your end date is: {end_date}')"
   ]
  },
  {
   "cell_type": "code",
   "execution_count": 7,
   "metadata": {},
   "outputs": [
    {
     "name": "stdin",
     "output_type": "stream",
     "text": [
      "Enter number of simulations:  200\n"
     ]
    },
    {
     "name": "stdout",
     "output_type": "stream",
     "text": [
      "number of simulations is 200\n"
     ]
    }
   ],
   "source": [
    "#User number of simulaitons input\n",
    "#CODE\n",
    "number_simulations = int(input('Enter number of simulations: '))\n",
    "print(f'number of simulations is {number_simulations}')"
   ]
  },
  {
   "cell_type": "code",
   "execution_count": 160,
   "metadata": {},
   "outputs": [
    {
     "name": "stdin",
     "output_type": "stream",
     "text": [
      "Enter number of years: 30\n"
     ]
    }
   ],
   "source": [
    "#User number of years input \n",
    "#CODE\n",
    "number_years = int(input('Enter number of years:'))"
   ]
  },
  {
   "cell_type": "code",
   "execution_count": 220,
   "metadata": {},
   "outputs": [
    {
     "data": {
      "text/html": [
       "<div>\n",
       "<style scoped>\n",
       "    .dataframe tbody tr th:only-of-type {\n",
       "        vertical-align: middle;\n",
       "    }\n",
       "\n",
       "    .dataframe tbody tr th {\n",
       "        vertical-align: top;\n",
       "    }\n",
       "\n",
       "    .dataframe thead th {\n",
       "        text-align: right;\n",
       "    }\n",
       "</style>\n",
       "<table border=\"1\" class=\"dataframe\">\n",
       "  <thead>\n",
       "    <tr style=\"text-align: right;\">\n",
       "      <th></th>\n",
       "      <th>AAPL</th>\n",
       "      <th>AMZN</th>\n",
       "      <th>GOOG</th>\n",
       "      <th>MSFT</th>\n",
       "    </tr>\n",
       "  </thead>\n",
       "  <tbody>\n",
       "    <tr>\n",
       "      <th>2018-12-24</th>\n",
       "      <td>146.62</td>\n",
       "      <td>1342.91</td>\n",
       "      <td>975.00</td>\n",
       "      <td>94.0400</td>\n",
       "    </tr>\n",
       "    <tr>\n",
       "      <th>2018-12-26</th>\n",
       "      <td>157.18</td>\n",
       "      <td>1470.81</td>\n",
       "      <td>1039.19</td>\n",
       "      <td>100.5300</td>\n",
       "    </tr>\n",
       "    <tr>\n",
       "      <th>2018-12-27</th>\n",
       "      <td>156.12</td>\n",
       "      <td>1462.00</td>\n",
       "      <td>1043.89</td>\n",
       "      <td>101.0500</td>\n",
       "    </tr>\n",
       "    <tr>\n",
       "      <th>2018-12-28</th>\n",
       "      <td>156.07</td>\n",
       "      <td>1475.18</td>\n",
       "      <td>1036.20</td>\n",
       "      <td>100.3487</td>\n",
       "    </tr>\n",
       "    <tr>\n",
       "      <th>2018-12-31</th>\n",
       "      <td>156.70</td>\n",
       "      <td>1492.38</td>\n",
       "      <td>1029.11</td>\n",
       "      <td>100.8300</td>\n",
       "    </tr>\n",
       "  </tbody>\n",
       "</table>\n",
       "</div>"
      ],
      "text/plain": [
       "              AAPL     AMZN     GOOG      MSFT\n",
       "2018-12-24  146.62  1342.91   975.00   94.0400\n",
       "2018-12-26  157.18  1470.81  1039.19  100.5300\n",
       "2018-12-27  156.12  1462.00  1043.89  101.0500\n",
       "2018-12-28  156.07  1475.18  1036.20  100.3487\n",
       "2018-12-31  156.70  1492.38  1029.11  100.8300"
      ]
     },
     "execution_count": 220,
     "metadata": {},
     "output_type": "execute_result"
    }
   ],
   "source": [
    "#Importing Data and cleaning\n",
    "#CODE\n",
    "\n",
    "list_of_tickers = text.split(',')\n",
    "# Set timeframe to '1D'\n",
    "timeframe = '1D'\n",
    "\n",
    "# Set start and end datetimes of 1 year, between now and 365 days ago.\n",
    "#end_date = datetime.now()\n",
    "#start_date = end_date + timedelta(-365*100)\n",
    "\n",
    "start_date = pd.Timestamp(start_date, tz='America/New_York').isoformat()\n",
    "end_date = pd.Timestamp(end_date, tz='America/New_York').isoformat()\n",
    "df = api.get_barset(\n",
    "    list_of_tickers,\n",
    "    timeframe,\n",
    "    limit=None,\n",
    "    start=start_date,\n",
    "    end=end_date,\n",
    "    after=None,\n",
    "    until=None,\n",
    ").df\n",
    "df = df.sort_index()\n",
    "df.drop(columns=['open', 'high', 'low', 'volume'], level=1, inplace=True)\n",
    "df = df.droplevel(axis=1, level=1)\n",
    "df.index = df.index.date\n",
    "df.dropna(inplace=True)\n",
    "df.tail()"
   ]
  },
  {
   "cell_type": "code",
   "execution_count": 221,
   "metadata": {},
   "outputs": [
    {
     "data": {
      "text/plain": [
       "AAPL    251\n",
       "AMZN    251\n",
       "GOOG    251\n",
       "MSFT    251\n",
       "dtype: int64"
      ]
     },
     "execution_count": 221,
     "metadata": {},
     "output_type": "execute_result"
    }
   ],
   "source": [
    "df.count()"
   ]
  },
  {
   "cell_type": "code",
   "execution_count": 222,
   "metadata": {},
   "outputs": [
    {
     "name": "stdout",
     "output_type": "stream",
     "text": [
      "AAPL\n",
      "AAPL mean: -0.00021250953939727112\n",
      "AMZN\n",
      "AMZN mean: 0.0011707734649056127\n",
      "MSFT\n",
      "MSFT mean: 0.0007977924615533376\n",
      "GOOG\n",
      "GOOG mean: 2.176086064539051e-05\n"
     ]
    }
   ],
   "source": [
    "# Calculate the daily returns for the given stocks closing prices\n",
    "#CODE\n",
    "means = {}\n",
    "daily_returns = df.pct_change()\n",
    "daily_returns.dropna(inplace=True)\n",
    "\n",
    "for stock in list_of_tickers:\n",
    "    print(stock)\n",
    "    means[stock] = daily_returns.mean()[stock]\n",
    "    print(f'{stock} mean: {means[stock]}')"
   ]
  },
  {
   "cell_type": "code",
   "execution_count": 223,
   "metadata": {},
   "outputs": [
    {
     "name": "stdout",
     "output_type": "stream",
     "text": [
      "AAPL\n",
      "AAPL std: 0.018249444944860638\n",
      "AMZN\n",
      "AMZN std: 0.022885160247310295\n",
      "MSFT\n",
      "MSFT std: 0.01777214106274319\n",
      "GOOG\n",
      "GOOG std: 0.017801507907868688\n"
     ]
    }
   ],
   "source": [
    "# Volatility for the given stocks closing prices\n",
    "#CODE\n",
    "std = {}\n",
    "for stock in list_of_tickers:\n",
    "    print(stock)\n",
    "    std[stock] = daily_returns.std()[stock]\n",
    "    print(f'{stock} std: {std[stock]}')"
   ]
  },
  {
   "cell_type": "code",
   "execution_count": 224,
   "metadata": {},
   "outputs": [
    {
     "name": "stdout",
     "output_type": "stream",
     "text": [
      "AAPL\n",
      "AAPL last days closing price: 156.7\n",
      "AMZN\n",
      "AMZN last days closing price: 1492.38\n",
      "MSFT\n",
      "MSFT last days closing price: 100.83\n",
      "GOOG\n",
      "GOOG last days closing price: 1029.11\n"
     ]
    }
   ],
   "source": [
    "# Last day's closing price for the stocks and save those as variables\n",
    "#CODE\n",
    "last_day = {}\n",
    "for stock in list_of_tickers:\n",
    "    print(stock)\n",
    "    last_day[stock] = df[stock][-1]\n",
    "    print(f'{stock} last days closing price: {last_day[stock]}')"
   ]
  },
  {
   "cell_type": "markdown",
   "metadata": {},
   "source": [
    "## Run Monte Carlo Simulation:\n",
    "#### - We run (n) simulations, using Monte Carlo Algorithms to simulate future prices\n",
    "#### - After computing the simulated prices, we get to the portfolio average return individual stocks, so we weight stocks in the portfolio\n",
    "#### - We create an empty list for the Monte Carlo optimal weights\n",
    "#### - Each simulation has its own optimal weights, therefore, we create a variable to hold the weights so we can save them to calculate the average \n",
    "#### - instead of computing weights manually, we can find the optimal weights that maximize Sharpe ratio mathematically using optimization technics (using SciPy)\n",
    "#### - Given the simulated prices, we use SciPy's built-in optimization algorithms to calculate the optimal weights\n"
   ]
  },
  {
   "cell_type": "code",
   "execution_count": 225,
   "metadata": {},
   "outputs": [
    {
     "name": "stdout",
     "output_type": "stream",
     "text": [
      "[0.         0.42439424 0.45642491 0.11918085]\n",
      "[0.         0.39346349 0.51762858 0.08890792]\n",
      "[0.00000000e+00 3.40920297e-01 6.59079703e-01 1.32339562e-18]\n",
      "[1.62630331e-18 4.94439911e-01 4.17756397e-01 8.78036924e-02]\n",
      "[0.         0.55095911 0.44904089 0.        ]\n",
      "[7.72720428e-17 3.83350810e-01 6.16649190e-01 0.00000000e+00]\n",
      "[0.         0.30826063 0.48574104 0.20599833]\n",
      "[0.00000000e+00 4.44743042e-01 5.55256958e-01 1.19247317e-17]\n",
      "[5.17321217e-02 3.84970911e-01 5.63296967e-01 8.63567030e-17]\n",
      "[0.00000000e+00 3.74094359e-01 6.25905641e-01 2.11576458e-17]\n",
      "[9.21571847e-18 4.69458679e-01 3.42431288e-01 1.88110033e-01]\n",
      "[1.39557674e-17 4.33531273e-01 5.66468727e-01 0.00000000e+00]\n",
      "[0.         0.36658781 0.52473514 0.10867705]\n",
      "[0.         0.60620312 0.38625302 0.00754386]\n",
      "[0.         0.45522768 0.54477232 0.        ]\n",
      "[5.18737739e-17 5.29098832e-01 4.70901168e-01 0.00000000e+00]\n",
      "[0.08929356 0.38188934 0.48941719 0.03939991]\n",
      "[0.00000000e+00 5.66184965e-01 4.33815035e-01 3.16455237e-18]\n",
      "[0.00000000e+00 4.71037868e-01 5.28962132e-01 2.11884982e-17]\n",
      "[0.07447339 0.36924071 0.55628591 0.        ]\n",
      "[6.72069356e-16 4.19711164e-01 5.80288836e-01 0.00000000e+00]\n",
      "[6.17381422e-18 3.51348288e-01 4.47589253e-01 2.01062460e-01]\n",
      "[1.53187436e-17 5.55984008e-01 4.44015992e-01 0.00000000e+00]\n",
      "[5.62057060e-17 3.44791536e-01 6.55208464e-01 3.36312146e-17]\n",
      "[0.         0.51979595 0.43523703 0.04496702]\n",
      "[0.         0.65995772 0.34004228 0.        ]\n",
      "[0.00000000e+00 4.72097934e-01 5.27902066e-01 5.97906141e-17]\n",
      "[0.01881723 0.37942185 0.3751125  0.22664841]\n",
      "[0.02765801 0.30232253 0.44731598 0.22270349]\n",
      "[1.36117722e-17 4.47661547e-01 5.52338453e-01 2.31296463e-18]\n",
      "[0.00000000e+00 4.22211340e-01 5.77788660e-01 4.88704071e-17]\n",
      "[6.16517597e-17 4.71904377e-01 5.28095623e-01 0.00000000e+00]\n",
      "[6.60618324e-18 3.45276376e-01 6.54723624e-01 1.08137894e-17]\n",
      "[1.73472346e-18 6.41569150e-01 3.53917900e-01 4.51294974e-03]\n",
      "[1.88697072e-17 4.39818666e-01 5.60181334e-01 1.53766768e-17]\n",
      "[9.36750677e-17 4.55896874e-01 3.19924583e-01 2.24178543e-01]\n",
      "[2.16840434e-18 3.66917310e-01 5.15159981e-01 1.17922709e-01]\n",
      "[0.         0.45179751 0.47857069 0.06963179]\n",
      "[0.06225447 0.5766427  0.36110283 0.        ]\n",
      "[0.00000000e+00 3.69960688e-01 6.30039312e-01 3.90384264e-18]\n",
      "[9.64717925e-17 4.14946355e-01 5.85053645e-01 2.71658071e-16]\n",
      "[0.00000000e+00 4.43626134e-01 5.56373866e-01 4.87434697e-18]\n",
      "[0.         0.36593428 0.60707414 0.02699158]\n",
      "[0.         0.391597   0.56780312 0.04059988]\n",
      "[2.36356074e-17 4.44735450e-01 5.03008000e-01 5.22565504e-02]\n",
      "[7.97972799e-17 4.19365707e-01 5.57708300e-01 2.29259932e-02]\n",
      "[0.         0.45931477 0.54068523 0.        ]\n",
      "[3.03769787e-17 3.27651744e-01 4.89819528e-01 1.82528728e-01]\n",
      "[2.65645053e-02 5.09753026e-01 4.63682468e-01 1.79977561e-17]\n",
      "[3.44059819e-17 3.36012740e-01 6.63987260e-01 0.00000000e+00]\n",
      "[2.78970673e-17 3.96971900e-01 5.93286342e-01 9.74175749e-03]\n",
      "[6.50293355e-17 2.78183389e-01 7.21816611e-01 0.00000000e+00]\n",
      "[5.38790923e-17 4.75635690e-01 5.24364310e-01 0.00000000e+00]\n",
      "[0.00000000e+00 4.71069977e-01 5.28930023e-01 1.33139000e-17]\n",
      "[2.29850861e-17 4.39929408e-01 4.11027180e-01 1.49043413e-01]\n",
      "[0.         0.42484692 0.48315001 0.09200307]\n",
      "[1.80305480e-16 4.02669068e-01 5.97330932e-01 3.00509134e-17]\n",
      "[0.00000000e+00 5.44360328e-01 4.55443066e-01 1.96605897e-04]\n",
      "[0.         0.44184872 0.49307518 0.06507609]\n",
      "[0.06540982 0.32276737 0.49795552 0.11386729]\n",
      "[3.81639165e-17 3.25637657e-01 6.74362343e-01 0.00000000e+00]\n",
      "[2.71050543e-18 4.74162312e-01 4.02165229e-01 1.23672460e-01]\n",
      "[0.         0.53400836 0.46599164 0.        ]\n",
      "[0.         0.4794543  0.48238419 0.03816151]\n",
      "[8.74819575e-18 4.55294626e-01 5.44705374e-01 0.00000000e+00]\n",
      "[0.00000000e+00 4.88482990e-01 5.11517010e-01 1.42668513e-17]\n",
      "[0.00000000e+00 5.02495913e-01 4.97504087e-01 3.95789544e-17]\n",
      "[0.00000000e+00 4.51550613e-01 5.48449387e-01 2.29226351e-17]\n",
      "[0.         0.54975737 0.45024263 0.        ]\n",
      "[7.98800220e-17 3.65290774e-01 6.34709226e-01 1.72109261e-16]\n",
      "[0.         0.38505087 0.49811098 0.11683815]\n",
      "[4.33680869e-19 3.60988047e-01 5.60868622e-01 7.81433307e-02]\n",
      "[0.         0.41725735 0.50610727 0.07663538]\n",
      "[1.38777878e-17 4.93404465e-01 4.26696948e-01 7.98985871e-02]\n",
      "[0.07877632 0.32469635 0.59652733 0.        ]\n",
      "[0.         0.45316888 0.54683112 0.        ]\n",
      "[0.         0.48237648 0.38094027 0.13668325]\n",
      "[1.04733930e-16 3.58153919e-01 4.25428931e-01 2.16417150e-01]\n",
      "[9.10729825e-18 4.18621481e-01 5.08977481e-01 7.24010376e-02]\n",
      "[0.00000000e+00 4.89259142e-01 5.10740858e-01 1.09152495e-17]\n",
      "[5.42101086e-19 5.01171098e-01 3.97566984e-01 1.01261918e-01]\n",
      "[7.22078647e-17 4.72124128e-01 4.93693643e-01 3.41822291e-02]\n",
      "[1.68051337e-17 5.61899510e-01 3.32559416e-01 1.05541074e-01]\n",
      "[3.76164632e-18 5.20518687e-01 4.79481313e-01 0.00000000e+00]\n",
      "[1.17093835e-17 4.28195679e-01 3.26058358e-01 2.45745963e-01]\n",
      "[0.00000000e+00 5.21293797e-01 4.78706203e-01 2.96800345e-17]\n",
      "[0.         0.45401604 0.50456093 0.04142304]\n",
      "[0.         0.48490254 0.46768084 0.04741662]\n",
      "[0.00000000e+00 5.40261334e-01 4.59738666e-01 1.12757026e-17]\n",
      "[5.20171989e-17 5.00564288e-01 4.99435712e-01 5.06287595e-18]\n",
      "[0.00000000e+00 5.55904252e-01 4.44095748e-01 2.01324474e-17]\n",
      "[1.72554303e-17 3.69979469e-01 6.30020531e-01 6.83566539e-18]\n",
      "[0.         0.3798102  0.55700492 0.06318489]\n",
      "[4.07758734e-18 4.97019667e-01 5.02980333e-01 1.68993430e-17]\n",
      "[0.05075923 0.41062465 0.53861611 0.        ]\n",
      "[1.76085565e-18 4.81558804e-01 5.18441196e-01 1.83010080e-17]\n",
      "[0.         0.27984247 0.60334799 0.11680954]\n",
      "[7.15822047e-18 4.99056253e-01 5.00943747e-01 1.37560879e-17]\n",
      "[2.60538909e-17 5.93049268e-01 4.06950732e-01 1.22257061e-17]\n",
      "[0.         0.46195464 0.51281778 0.02522758]\n",
      "[0.00000000e+00 5.56256925e-01 4.43743075e-01 1.15648232e-18]\n",
      "[5.34708245e-17 5.05159499e-01 4.94840501e-01 4.68202174e-17]\n",
      "[0.00000000e+00 4.41582489e-01 5.58417511e-01 8.99211139e-17]\n",
      "[1.42201459e-17 4.28751918e-01 5.71248082e-01 0.00000000e+00]\n",
      "[0.0493415  0.48992095 0.44754033 0.01319723]\n",
      "[0.00000000e+00 4.69495005e-01 5.30504995e-01 8.98505730e-17]\n",
      "[0.00000000e+00 3.02841978e-01 6.97158022e-01 2.60497644e-17]\n",
      "[4.70614290e-18 4.22780831e-01 5.77219169e-01 4.87286317e-17]\n",
      "[2.60070525e-17 4.98771978e-01 5.01228022e-01 5.20554971e-17]\n",
      "[0.09240783 0.44434935 0.30236259 0.16088024]\n",
      "[1.17635936e-17 4.29319334e-01 4.47739430e-01 1.22941236e-01]\n",
      "[1.58293517e-17 3.98389187e-01 5.62756699e-01 3.88541145e-02]\n",
      "[0.         0.54282139 0.4133824  0.04379621]\n",
      "[0.         0.39487532 0.44396293 0.16116176]\n",
      "[3.18010047e-17 5.91508252e-01 2.88611220e-01 1.19880528e-01]\n",
      "[0.         0.72235105 0.23544246 0.04220649]\n",
      "[0.0136822  0.47365701 0.47243333 0.04022746]\n",
      "[0.00592668 0.34954665 0.45989817 0.1846285 ]\n",
      "[0.         0.31555695 0.63338587 0.05105718]\n",
      "[0.00000000e+00 4.52932779e-01 5.47067221e-01 8.11669954e-17]\n",
      "[2.34187669e-17 5.08019714e-01 4.57674350e-01 3.43059364e-02]\n",
      "[0.02191187 0.41121569 0.4979133  0.06895914]\n",
      "[0.00852869 0.35720989 0.47517063 0.15909079]\n",
      "[1.83308498e-18 4.90253702e-01 4.58447029e-01 5.12992690e-02]\n",
      "[3.07913416e-17 5.00144774e-01 3.48661807e-01 1.51193419e-01]\n",
      "[5.49865371e-17 2.77224836e-01 7.22775164e-01 1.36435397e-17]\n",
      "[0.         0.35045957 0.46705426 0.18248617]\n",
      "[0.06041044 0.45373009 0.47882581 0.00703366]\n",
      "[4.94370874e-17 4.63315732e-01 5.36684268e-01 1.41669084e-17]\n",
      "[1.64285484e-17 4.31315871e-01 3.69660668e-01 1.99023461e-01]\n",
      "[0.00000000e+00 5.82592835e-01 4.17407165e-01 8.71740419e-18]\n",
      "[1.17983942e-17 4.04434634e-01 4.78313505e-01 1.17251861e-01]\n",
      "[0.13360232 0.36721743 0.44297085 0.05620939]\n",
      "[0.00000000e+00 3.87568321e-01 6.12431679e-01 1.50598379e-17]\n",
      "[6.92897849e-17 5.45868507e-01 4.54131493e-01 0.00000000e+00]\n",
      "[0.00000000e+00 4.77437600e-01 5.22562400e-01 9.42665957e-17]\n",
      "[0.05765194 0.40482855 0.44262259 0.09489692]\n",
      "[2.93276690e-17 4.56243438e-01 4.74354595e-01 6.94019670e-02]\n",
      "[0.00589463 0.3876606  0.38570009 0.22074469]\n",
      "[8.95382539e-17 5.26588907e-01 4.73411093e-01 0.00000000e+00]\n",
      "[5.83103858e-02 4.06302842e-01 5.35386772e-01 1.06522863e-17]\n",
      "[6.31773776e-04 3.81814306e-01 6.17553921e-01 4.76514828e-19]\n",
      "[0.         0.38705442 0.50577923 0.10716635]\n",
      "[0.         0.33783502 0.55144759 0.11071739]\n",
      "[0.         0.37025139 0.51874956 0.11099905]\n",
      "[7.37455430e-18 4.64992719e-01 5.35007281e-01 1.12724033e-17]\n",
      "[9.26992857e-18 4.92083322e-01 4.03059088e-01 1.04857590e-01]\n",
      "[6.04618798e-17 4.66964967e-01 3.03049238e-01 2.29985795e-01]\n",
      "[0.         0.23840128 0.62887665 0.13272206]\n",
      "[0.         0.31788724 0.68211276 0.        ]\n",
      "[1.99840144e-15 4.12965052e-01 5.87034948e-01 0.00000000e+00]\n",
      "[0.00000000e+00 4.14686082e-01 5.85313918e-01 1.26292847e-16]\n",
      "[3.54540314e-17 4.23411853e-01 5.76588147e-01 1.18910728e-18]\n",
      "[1.07336015e-16 4.62439421e-01 4.79087475e-01 5.84731044e-02]\n",
      "[4.79887534e-17 2.99254951e-01 6.32449570e-01 6.82954784e-02]\n",
      "[0.00000000e+00 5.53433091e-01 4.46566909e-01 4.85517413e-17]\n",
      "[0.         0.43995679 0.49723383 0.06280939]\n",
      "[1.10588621e-17 4.46391496e-01 4.30193106e-01 1.23415398e-01]\n",
      "[0.02847074 0.625365   0.34616425 0.        ]\n",
      "[0.         0.3775003  0.48846901 0.13403069]\n",
      "[0.12110417 0.49306954 0.37962381 0.00620249]\n",
      "[2.85417143e-17 6.29848586e-01 3.70151414e-01 0.00000000e+00]\n",
      "[0.         0.53136419 0.43363869 0.03499712]\n",
      "[0.00000000e+00 5.09333371e-01 4.90666629e-01 6.54104265e-19]\n",
      "[0.         0.49723948 0.31513652 0.187624  ]\n",
      "[0.         0.49655555 0.4891678  0.01427665]\n",
      "[0.         0.47391698 0.28817189 0.23791114]\n",
      "[0.03119639 0.35717887 0.48069299 0.13093174]\n",
      "[5.26922252e-17 4.39100594e-01 4.59148135e-01 1.01751271e-01]\n",
      "[0.00000000e+00 7.28446838e-01 2.71553162e-01 5.31113175e-18]\n",
      "[0.         0.38632496 0.53972785 0.07394719]\n",
      "[0.02128152 0.35361769 0.48701978 0.13808101]\n",
      "[4.19826415e-17 3.36621818e-01 6.63378182e-01 0.00000000e+00]\n",
      "[0.         0.43109526 0.44785022 0.12105452]\n",
      "[7.61625460e-18 4.29018097e-01 5.70981903e-01 0.00000000e+00]\n",
      "[0.         0.35601052 0.40982814 0.23416134]\n",
      "[6.00618190e-18 4.63480110e-01 5.36519890e-01 4.80613274e-18]\n",
      "[0.         0.43384235 0.3579206  0.20823705]\n",
      "[1.62244059e-16 4.66849643e-01 5.33150357e-01 0.00000000e+00]\n",
      "[1.97839724e-17 4.83390099e-01 5.16609901e-01 0.00000000e+00]\n",
      "[9.49761103e-17 4.03026411e-01 4.89913573e-01 1.07060016e-01]\n",
      "[0.00000000e+00 4.35294119e-01 5.64705881e-01 3.30524819e-17]\n",
      "[7.08769965e-18 3.17036682e-01 6.82963318e-01 7.82132724e-18]\n",
      "[0.00000000e+00 4.70519239e-01 5.29480761e-01 4.27607550e-18]\n",
      "[9.54097912e-18 4.55769375e-01 3.46292981e-01 1.97937643e-01]\n",
      "[0.         0.46423203 0.53001826 0.00574971]\n",
      "[0.01718835 0.34532247 0.59900124 0.03848793]\n",
      "[0.07003842 0.46912753 0.46083405 0.        ]\n",
      "[0.         0.40137998 0.57336408 0.02525594]\n",
      "[5.01184976e-17 5.22005112e-01 4.77994888e-01 0.00000000e+00]\n",
      "[0.         0.39030995 0.40994055 0.1997495 ]\n",
      "[0.         0.3362463  0.54841917 0.11533453]\n",
      "[7.32692365e-17 5.38677153e-01 3.89722789e-01 7.16000588e-02]\n",
      "[0.00000000e+00 5.38624666e-01 4.61375334e-01 6.24500451e-17]\n",
      "[1.02402895e-16 5.52473455e-01 3.53460660e-01 9.40658851e-02]\n",
      "[0.         0.55141914 0.39209052 0.05649034]\n",
      "[0.         0.49772    0.33859917 0.16368083]\n",
      "[0.00000000e+00 3.02429281e-01 6.97570719e-01 1.89030067e-17]\n",
      "[0.         0.21565884 0.62711557 0.15722559]\n",
      "[0.         0.31987062 0.47751586 0.20261352]\n"
     ]
    }
   ],
   "source": [
    "#how to find the optimal weights for your portfolio?\n",
    "\n",
    "# Setup the Monte Carlo Parameters\n",
    "#1. In the Monte Carlo simulation, we used the number of years entered by the user, and multiply it by the trading days\n",
    "\n",
    "#number_simulations = 500\n",
    "number_records = (number_years * 252) \n",
    "monte_carlo = pd.DataFrame()\n",
    "number_records\n",
    "\n",
    "\n",
    "# We need to keep the optimal weights in order to calculate the average \n",
    "mc_opt_weights= []\n",
    "# we create variable 'simulated_dr_all' to save the daily returns of the simulated prices to use it with the average weights later\n",
    "simulated_dr_all = []\n",
    "\n",
    "\n",
    "simulated_prices_all = {stock:pd.DataFrame() for stock in list_of_tickers}\n",
    "#Monte Carlo simulation\n",
    "\n",
    "\n",
    "for x in range(number_simulations):\n",
    "    \n",
    "    # Initialize the simulated prices list with the last closing price \n",
    "    simulated_prices = {stock:[last_day[stock]] for stock in list_of_tickers}\n",
    "\n",
    "    \n",
    "    for i in range(number_records):\n",
    "        for stock in list_of_tickers:\n",
    "            simulated_price = simulated_prices[stock][-1] * (1 + np.random.normal(means[stock], std[stock]))\n",
    "\n",
    "            simulated_prices[stock].append(simulated_price)\n",
    "  \n",
    "    for stock in list_of_tickers:\n",
    "        simulated_prices_all[stock][x] = pd.Series(simulated_prices[stock])\n",
    "    simulated_prices_df = pd.DataFrame(simulated_prices)\n",
    "    #simulated_prices_df = pd.Series(simulated_prices)\n",
    " \n",
    "    simulated_prices_all[x] = simulated_prices_df\n",
    "    simulated_dr = simulated_prices_df.pct_change()\n",
    "    simulated_dr.dropna(inplace=True)\n",
    "    \n",
    "    simulated_dr_all.append(simulated_dr)\n",
    "    \n",
    "# To calculate optimization using Scipy:\n",
    "#CODE\n",
    "\n",
    "#STEP ONE (negative Sharpe ratio):\n",
    "\n",
    "# Define neg_sharpe, which takes in weights and then returns the Sharpe Ratio\n",
    "\n",
    "    def get_ret_vol_sr(weights):\n",
    "        weights = np.array(weights)\n",
    "        \n",
    "# We calculate return'ret', volatility 'vol', and the Sharpe Ratio 'sr'\n",
    "        ret = np.sum(simulated_dr.mean() * weights) * 252\n",
    "        vol = np.sqrt(np.dot(weights.T,np.dot(simulated_dr.cov()*252,weights)))\n",
    "        sr = ret/vol\n",
    "        return np.array([ret,vol,sr])\n",
    "    \n",
    "    def neg_sharpe(weights):\n",
    "        # we return neg sharpe ratio because we minimize (there is no maximize function in scipy)\n",
    "        # To minimize the negative Sharpe Ratio so we're going to multiply it by -1\n",
    "        return get_ret_vol_sr(weights)[2] * -1\n",
    "    \n",
    "#STEP TWO (constraints):\n",
    "\n",
    "# check allocation sums to 1\n",
    "# Then, define a function with constraints\n",
    "#One of the constraints is called check_sum() \n",
    "#since our allocations needs to add up to one, this function is going to return 0 if the sum of the weights is 1, \n",
    "#if not, it returns how far you are from 1.\n",
    "    def check_sum(weights): \n",
    "        return np.sum(weights) - 1 \n",
    "    \n",
    "    # create constraint variable\n",
    "# Since we only have one constraint (which is sum of 1) we create a variable called 'cons', which is a tuple with a dictionary inside of it.\n",
    "# The dictionary takes in a first argument 'type':'eq' - which is an equation type of constraint. \n",
    "# The second argument is a function and we pass in the function itself 'fun':check_sum.\n",
    "    cons = ({'type':'eq','fun':check_sum}) \n",
    "\n",
    "#STEP THREE (boundaries):\n",
    "    # create weight boundaries\n",
    "    bounds = [(0,1)]*len(list_of_tickers)\n",
    "    \n",
    "#STEP FOUR (weights initial guess):\n",
    "# We create an even distribution initial guess of weights to start with\n",
    "    init_guess = [1/len(list_of_tickers)] * len(list_of_tickers)\n",
    "\n",
    "#STEP FIVE (importing SciPy and call minimize):\n",
    "\n",
    "# Import the minimize optimization algorithm from scipy.optimize\n",
    "    from scipy.optimize import minimize\n",
    "\n",
    "# We put all of these functions into the minimization function\n",
    "# Then, We call minimize and pass in what we're trying to minimize:\n",
    "# negative Sharpe\n",
    "# our initial guess \n",
    "# we set the minimization method to SLSQP \n",
    "# and we set our bounds and constraints:\n",
    "    opt_results = minimize(neg_sharpe, init_guess, method='SLSQP', bounds=bounds, constraints=cons)\n",
    "    \n",
    "#The optimal results are stored in the x array so we call opt_results.x\n",
    "# with get_ret_vol_sr(opt_results.x) we can see the optimal results \n",
    "    opt_weights = opt_results.x\n",
    "    \n",
    "    mc_opt_weights.append(opt_weights)\n",
    "    print(opt_weights)\n",
    "    #portfolio_daily_returns = simulated_dr.dot(weights)\n",
    "    portfolio_daily_returns = simulated_dr.dot(opt_weights)\n",
    "    \n",
    "\n",
    "    \n",
    "    \n",
    "    \n",
    "    monte_carlo[x] = (1+portfolio_daily_returns.fillna(0)).cumprod()\n",
    "    \n",
    "\n",
    "\n"
   ]
  },
  {
   "cell_type": "code",
   "execution_count": 189,
   "metadata": {},
   "outputs": [
    {
     "data": {
      "text/html": [
       "<div>\n",
       "<style scoped>\n",
       "    .dataframe tbody tr th:only-of-type {\n",
       "        vertical-align: middle;\n",
       "    }\n",
       "\n",
       "    .dataframe tbody tr th {\n",
       "        vertical-align: top;\n",
       "    }\n",
       "\n",
       "    .dataframe thead th {\n",
       "        text-align: right;\n",
       "    }\n",
       "</style>\n",
       "<table border=\"1\" class=\"dataframe\">\n",
       "  <thead>\n",
       "    <tr style=\"text-align: right;\">\n",
       "      <th></th>\n",
       "      <th>0</th>\n",
       "      <th>1</th>\n",
       "      <th>2</th>\n",
       "      <th>3</th>\n",
       "      <th>4</th>\n",
       "      <th>5</th>\n",
       "      <th>6</th>\n",
       "      <th>7</th>\n",
       "      <th>8</th>\n",
       "      <th>9</th>\n",
       "      <th>...</th>\n",
       "      <th>190</th>\n",
       "      <th>191</th>\n",
       "      <th>192</th>\n",
       "      <th>193</th>\n",
       "      <th>194</th>\n",
       "      <th>195</th>\n",
       "      <th>196</th>\n",
       "      <th>197</th>\n",
       "      <th>198</th>\n",
       "      <th>199</th>\n",
       "    </tr>\n",
       "  </thead>\n",
       "  <tbody>\n",
       "    <tr>\n",
       "      <th>1</th>\n",
       "      <td>1.009904</td>\n",
       "      <td>0.981158</td>\n",
       "      <td>0.983835</td>\n",
       "      <td>1.020710</td>\n",
       "      <td>1.007078</td>\n",
       "      <td>1.014971</td>\n",
       "      <td>1.011780</td>\n",
       "      <td>1.010708</td>\n",
       "      <td>1.014223</td>\n",
       "      <td>0.981920</td>\n",
       "      <td>...</td>\n",
       "      <td>1.005809</td>\n",
       "      <td>1.001199</td>\n",
       "      <td>0.999250</td>\n",
       "      <td>1.009210</td>\n",
       "      <td>1.006155</td>\n",
       "      <td>1.010095</td>\n",
       "      <td>0.985861</td>\n",
       "      <td>1.004494</td>\n",
       "      <td>0.970331</td>\n",
       "      <td>1.026781</td>\n",
       "    </tr>\n",
       "    <tr>\n",
       "      <th>2</th>\n",
       "      <td>1.024710</td>\n",
       "      <td>0.975048</td>\n",
       "      <td>1.014126</td>\n",
       "      <td>1.038569</td>\n",
       "      <td>1.008663</td>\n",
       "      <td>0.999795</td>\n",
       "      <td>1.020245</td>\n",
       "      <td>1.031742</td>\n",
       "      <td>1.016706</td>\n",
       "      <td>0.998633</td>\n",
       "      <td>...</td>\n",
       "      <td>0.992652</td>\n",
       "      <td>1.015519</td>\n",
       "      <td>1.003364</td>\n",
       "      <td>0.999776</td>\n",
       "      <td>0.992582</td>\n",
       "      <td>1.019166</td>\n",
       "      <td>0.986808</td>\n",
       "      <td>0.997044</td>\n",
       "      <td>0.963827</td>\n",
       "      <td>1.024516</td>\n",
       "    </tr>\n",
       "    <tr>\n",
       "      <th>3</th>\n",
       "      <td>1.001373</td>\n",
       "      <td>0.972821</td>\n",
       "      <td>0.994732</td>\n",
       "      <td>1.050865</td>\n",
       "      <td>0.988136</td>\n",
       "      <td>0.998635</td>\n",
       "      <td>1.027163</td>\n",
       "      <td>1.054271</td>\n",
       "      <td>1.032879</td>\n",
       "      <td>0.984379</td>\n",
       "      <td>...</td>\n",
       "      <td>0.993976</td>\n",
       "      <td>1.029098</td>\n",
       "      <td>0.999033</td>\n",
       "      <td>0.986490</td>\n",
       "      <td>0.968632</td>\n",
       "      <td>1.020336</td>\n",
       "      <td>0.967382</td>\n",
       "      <td>1.006136</td>\n",
       "      <td>0.936371</td>\n",
       "      <td>1.018619</td>\n",
       "    </tr>\n",
       "    <tr>\n",
       "      <th>4</th>\n",
       "      <td>0.999863</td>\n",
       "      <td>0.984522</td>\n",
       "      <td>0.998348</td>\n",
       "      <td>1.039970</td>\n",
       "      <td>1.006287</td>\n",
       "      <td>1.001083</td>\n",
       "      <td>1.038282</td>\n",
       "      <td>1.057072</td>\n",
       "      <td>1.018125</td>\n",
       "      <td>0.976617</td>\n",
       "      <td>...</td>\n",
       "      <td>0.977839</td>\n",
       "      <td>1.048553</td>\n",
       "      <td>1.011314</td>\n",
       "      <td>0.982873</td>\n",
       "      <td>0.975530</td>\n",
       "      <td>1.027089</td>\n",
       "      <td>0.972440</td>\n",
       "      <td>1.023816</td>\n",
       "      <td>0.946550</td>\n",
       "      <td>1.039919</td>\n",
       "    </tr>\n",
       "    <tr>\n",
       "      <th>5</th>\n",
       "      <td>0.997410</td>\n",
       "      <td>0.970236</td>\n",
       "      <td>1.006610</td>\n",
       "      <td>1.038379</td>\n",
       "      <td>1.000123</td>\n",
       "      <td>0.993528</td>\n",
       "      <td>1.026912</td>\n",
       "      <td>1.064756</td>\n",
       "      <td>1.009035</td>\n",
       "      <td>0.970611</td>\n",
       "      <td>...</td>\n",
       "      <td>0.983408</td>\n",
       "      <td>1.076214</td>\n",
       "      <td>1.021776</td>\n",
       "      <td>0.982271</td>\n",
       "      <td>0.947290</td>\n",
       "      <td>1.044370</td>\n",
       "      <td>0.976514</td>\n",
       "      <td>1.050887</td>\n",
       "      <td>0.949411</td>\n",
       "      <td>1.039061</td>\n",
       "    </tr>\n",
       "    <tr>\n",
       "      <th>...</th>\n",
       "      <td>...</td>\n",
       "      <td>...</td>\n",
       "      <td>...</td>\n",
       "      <td>...</td>\n",
       "      <td>...</td>\n",
       "      <td>...</td>\n",
       "      <td>...</td>\n",
       "      <td>...</td>\n",
       "      <td>...</td>\n",
       "      <td>...</td>\n",
       "      <td>...</td>\n",
       "      <td>...</td>\n",
       "      <td>...</td>\n",
       "      <td>...</td>\n",
       "      <td>...</td>\n",
       "      <td>...</td>\n",
       "      <td>...</td>\n",
       "      <td>...</td>\n",
       "      <td>...</td>\n",
       "      <td>...</td>\n",
       "      <td>...</td>\n",
       "    </tr>\n",
       "    <tr>\n",
       "      <th>7556</th>\n",
       "      <td>451.812104</td>\n",
       "      <td>484.154553</td>\n",
       "      <td>337.470901</td>\n",
       "      <td>281.383263</td>\n",
       "      <td>1336.772332</td>\n",
       "      <td>131.653066</td>\n",
       "      <td>922.248701</td>\n",
       "      <td>2085.936175</td>\n",
       "      <td>758.781037</td>\n",
       "      <td>1250.056001</td>\n",
       "      <td>...</td>\n",
       "      <td>252.523708</td>\n",
       "      <td>1002.757912</td>\n",
       "      <td>602.975829</td>\n",
       "      <td>2974.813795</td>\n",
       "      <td>235.861530</td>\n",
       "      <td>219.408540</td>\n",
       "      <td>406.332031</td>\n",
       "      <td>18256.622606</td>\n",
       "      <td>375.372543</td>\n",
       "      <td>1031.845421</td>\n",
       "    </tr>\n",
       "    <tr>\n",
       "      <th>7557</th>\n",
       "      <td>465.827404</td>\n",
       "      <td>486.450099</td>\n",
       "      <td>332.397175</td>\n",
       "      <td>281.649456</td>\n",
       "      <td>1352.570539</td>\n",
       "      <td>130.971850</td>\n",
       "      <td>936.524312</td>\n",
       "      <td>2138.180283</td>\n",
       "      <td>761.757616</td>\n",
       "      <td>1235.942594</td>\n",
       "      <td>...</td>\n",
       "      <td>247.715484</td>\n",
       "      <td>1037.111733</td>\n",
       "      <td>594.840843</td>\n",
       "      <td>2980.026635</td>\n",
       "      <td>241.809065</td>\n",
       "      <td>225.317221</td>\n",
       "      <td>408.456134</td>\n",
       "      <td>18130.098829</td>\n",
       "      <td>374.753050</td>\n",
       "      <td>1055.592386</td>\n",
       "    </tr>\n",
       "    <tr>\n",
       "      <th>7558</th>\n",
       "      <td>463.793586</td>\n",
       "      <td>486.383761</td>\n",
       "      <td>337.741027</td>\n",
       "      <td>280.240019</td>\n",
       "      <td>1359.167767</td>\n",
       "      <td>127.188484</td>\n",
       "      <td>923.327255</td>\n",
       "      <td>2165.426739</td>\n",
       "      <td>766.212096</td>\n",
       "      <td>1221.853957</td>\n",
       "      <td>...</td>\n",
       "      <td>248.948057</td>\n",
       "      <td>1044.723828</td>\n",
       "      <td>595.445977</td>\n",
       "      <td>3010.160173</td>\n",
       "      <td>248.129306</td>\n",
       "      <td>221.517866</td>\n",
       "      <td>406.546954</td>\n",
       "      <td>17579.720286</td>\n",
       "      <td>373.563829</td>\n",
       "      <td>1056.998177</td>\n",
       "    </tr>\n",
       "    <tr>\n",
       "      <th>7559</th>\n",
       "      <td>469.435466</td>\n",
       "      <td>470.335290</td>\n",
       "      <td>337.091926</td>\n",
       "      <td>276.795395</td>\n",
       "      <td>1371.870289</td>\n",
       "      <td>127.404029</td>\n",
       "      <td>969.582069</td>\n",
       "      <td>2168.034448</td>\n",
